 ***************** NODAL INFORMATION for MAIZSIM *******************************************************
	Node	Nh	Ch	Nm	Nl	Cl	Cm	NH4	NO3	Tmpr	hNew
	1	0	0	0	0	0	0	0	25	16	-100
	2	0	0	0	0	0	0	0	25	16	-100
	3	0	0	0	0	0	0	0	25	16	-100
	4	0	0	0	0	0	0	0	25	16	-100
	5	0	0	0	0	0	0	0	25	16	-100
	6	0	0	0	0	0	0	0	25	16	-100
	7	0	0	0	0	0	0	0	25	16	-100
	8	0	0	0	0	0	0	0	25	16	-100
	9	0	0	0	0	0	0	0	25	16	-100
	10	0	0	0	0	0	0	0	25	16	-100
	11	0	0	0	0	0	0	0	25	16	-100
	12	0	0	0	0	0	0	0	25	16	-100
	13	0	0	0	0	0	0	0	25	16	-100
	14	0	0	0	0	0	0	0	25	16	-100
	15	0	0	0	0	0	0	0	25	16	-100
	16	0	0	0	0	0	0	0	25	16	-100
	17	0	0	0	0	0	0	0	25	16	-100
	18	0	0	0	0	0	0	0	25	16	-100
	19	0	0	0	0	0	0	0	25	16	-100
	20	0	0	0	0	0	0	0	25	16	-100
	21	0	0	0	0	0	0	0	25	16	-100
	22	0	0	0	0	0	0	0	25	16	-100
	23	0	0	0	0	0	0	0	25	16	-100
	24	0	0	0	0	0	0	0	25	16	-100
	25	0	0	0	0	0	0	0	25	16	-100
	26	0	0	0	0	0	0	0	25	16	-100
	27	0	0	0	0	0	0	0	25	16	-100
	28	0	0	0	0	0	0	0	25	16	-100
	29	0	0	0	0	0	0	0	25	16	-100
	30	0	0	0	0	0	0	0	25	16	-100
	31	0	0	0	0	0	0	0	25	16	-100
	32	0	0	0	0	0	0	0	25	16	-100
	33	0	0	0	0	0	0	0	25	16	-100
	34	0	0	0	0	0	0	0	25	16	-100
	35	0	0	0	0	0	0	0	25	16	-100
	36	0	0	0	0	0	0	0	25	16	-100
	37	0	0	0	0	0	0	0	25	16	-100
	38	0	0	0	0	0	0	0	25	16	-100
	39	0	0	0	0	0	0	0	25	16	-100
	40	0	0	0	0	0	0	0	25	16	-100
	41	0	0	0	0	0	0	0	25	16	-100
	42	0	0	0	0	0	0	0	25	16	-100
	43	0	0	0	0	0	0	0	25	16	-100
	44	0	0	0	0	0	0	0	25	16	-100
	45	0	0	0	0	0	0	0	25	16	-100
	46	0	0	0	0	0	0	0	25	16	-100
	47	0	0	0	0	0	0	0	25	16	-100
	48	0	0	0	0	0	0	0	25	16	-100
	49	0	0	0	0	0	0	0	25	16	-100
	50	0	0	0	0	0	0	0	25	16	-100
	51	0	0	0	0	0	0	0	25	16	-100
	52	0	0	0	0	0	0	0	25	16	-100
	53	0	0	0	0	0	0	0	25	16	-100
	54	0	0	0	0	0	0	0	25	16	-100
	55	0	0	0	0	0	0	0	25	16	-100
	56	0	0	0	0	0	0	0	25	16	-100
	57	0	0	0	0	0	0	0	25	16	-100
	58	0	0	0	0	0	0	0	25	16	-100
	59	0	0	0	0	0	0	0	25	16	-100
	60	0	0	0	0	0	0	0	25	16	-100
	61	0	0	0	0	0	0	0	25	16	-100
	62	0	0	0	0	0	0	0	25	16	-100
	63	0	0	0	0	0	0	0	25	16	-100
	64	0	0	0	0	0	0	0	25	16	-100
	65	0	0	0	0	0	0	0	25	16	-100
	66	0	0	0	0	0	0	0	25	16	-100
	67	0	0	0	0	0	0	0	25	16	-100
	68	0	0	0	0	0	0	0	25	16	-100
	69	0	0	0	0	0	0	0	25	16	-100
	70	0	0	0	0	0	0	0	25	16	-100
	71	0	0	0	0	0	0	0	25	16	-100
	72	0	0	0	0	0	0	0	25	16	-100
	73	0	0	0	0	0	0	0	25	16	-100
	74	0	0	0	0	0	0	0	25	16	-100
	75	0	0	0	0	0	0	0	25	16	-100
	76	0	0	0	0	0	0	0	25	16	-100
	77	0	0	0	0	0	0	0	25	16	-100
	78	0	0	0	0	0	0	0	25	16	-100
	79	0	0	0	0	0	0	0	25	16	-100
	80	0	0	0	0	0	0	0	25	16	-100
	81	0	0	0	0	0	0	0	25	16	-100
	82	0	0	0	0	0	0	0	25	16	-100
	83	0	0	0	0	0	0	0	25	16	-100
	84	0	0	0	0	0	0	0	25	16	-100
	85	0	0	0	0	0	0	0	25	16	-100
	86	0	0	0	0	0	0	0	25	16	-100
	87	0	0	0	0	0	0	0	25	16	-100
	88	0	0	0	0	0	0	0	25	16	-100
	89	0	0	0	0	0	0	0	25	16	-100
	90	0	0	0	0	0	0	0	25	16	-100
	91	0	0	0	0	0	0	0	25	16	-100
	92	0	0	0	0	0	0	0	25	16	-100
	93	0	0	0	0	0	0	0	25	16	-100
	94	0	0	0	0	0	0	0	25	16	-100
	95	0	0	0	0	0	0	0	25	16	-100
	96	0	0	0	0	0	0	0	25	16	-100
	97	0	0	0	0	0	0	0	25	16	-100
	98	0	0	0	0	0	0	0	25	16	-100
	99	0	0	0	0	0	0	0	25	16	-100
	100	0	0	0	0	0	0	0	25	16	-100
	101	0	0	0	0	0	0	0	25	16	-100
	102	0	0	0	0	0	0	0	25	16	-100
	103	0	0	0	0	0	0	0	25	16	-100
	104	0	0	0	0	0	0	0	25	16	-100
	105	0	0	0	0	0	0	0	25	16	-100
	106	0	0	0	0	0	0	0	25	16	-100
	107	0	0	0	0	0	0	0	25	16	-100
	108	0	0	0	0	0	0	0	25	16	-100
	109	0	0	0	0	0	0	0	25	16	-100
	110	0	0	0	0	0	0	0	25	16	-100
	111	0	0	0	0	0	0	0	25	16	-100
	112	0	0	0	0	0	0	0	25	16	-100
	113	0	0	0	0	0	0	0	25	16	-100
	114	0	0	0	0	0	0	0	25	16	-100
	115	0	0	0	0	0	0	0	25	16	-100
	116	0	0	0	0	0	0	0	25	16	-100
	117	0	0	0	0	0	0	0	25	16	-100
	118	0	0	0	0	0	0	0	25	16	-100
	119	0	0	0	0	0	0	0	25	16	-100
	120	0	0	0	0	0	0	0	25	16	-100
	121	0	0	0	0	0	0	0	25	16	-100
	122	0	0	0	0	0	0	0	25	16	-100
	123	0	0	0	0	0	0	0	25	16	-100
	124	0	0	0	0	0	0	0	25	16	-100
	125	0	0	0	0	0	0	0	25	16	-100
	126	0	0	0	0	0	0	0	25	16	-100
	127	0	0	0	0	0	0	0	25	16	-100
	128	0	0	0	0	0	0	0	25	16	-100
	129	0	0	0	0	0	0	0	25	16	-100
	130	0	0	0	0	0	0	0	25	16	-100
	131	0	0	0	0	0	0	0	25	16	-100
	132	0	0	0	0	0	0	0	25	16	-100
	133	0	0	0	0	0	0	0	25	16	-100
	134	0	0	0	0	0	0	0	25	16	-100
	135	0	0	0	0	0	0	0	25	16	-100
	136	0	0	0	0	0	0	0	25	16	-100
	137	0	0	0	0	0	0	0	25	16	-100
	138	0	0	0	0	0	0	0	25	16	-100
	139	0	0	0	0	0	0	0	25	16	-100
	140	0	0	0	0	0	0	0	25	16	-100
	141	0	0	0	0	0	0	0	25	16	-100
	142	0	0	0	0	0	0	0	25	16	-100
	143	0	0	0	0	0	0	0	25	16	-100
	144	0	0	0	0	0	0	0	25	16	-100
	145	0	0	0	0	0	0	0	25	16	-100
	146	0	0	0	0	0	0	0	25	16	-100
	147	0	0	0	0	0	0	0	25	16	-100
	148	0	0	0	0	0	0	0	25	16	-100
	149	0	0	0	0	0	0	0	25	16	-100
	150	0	0	0	0	0	0	0	25	16	-100
	151	0	0	0	0	0	0	0	25	16	-100
	152	0	0	0	0	0	0	0	25	16	-100
	153	0	0	0	0	0	0	0	25	16	-100
	154	0	0	0	0	0	0	0	25	16	-100
	155	0	0	0	0	0	0	0	25	16	-100
	156	0	0	0	0	0	0	0	25	16	-100
	157	0	0	0	0	0	0	0	20.1999969482422	16.4800003051758	-100
	158	0	0	0	0	0	0	0	20.1999969482422	16.4800003051758	-100
	159	0	0	0	0	0	0	0	20.1999969482422	16.4800003051758	-100
	160	0	0	0	0	0	0	0	20.1999969482422	16.4800003051758	-100
	161	0	0	0	0	0	0	0	20.1999969482422	16.4800003051758	-100
	162	0	0	0	0	0	0	0	20.1999969482422	16.4800003051758	-100
	163	0	0	0	0	0	0	0	20.1999969482422	16.4800003051758	-100
	164	0	0	0	0	0	0	0	20.1999969482422	16.4800003051758	-100
	165	0	0	0	0	0	0	0	20.1999969482422	16.4800003051758	-100
	166	0	0	0	0	0	0	0	20.1999969482422	16.4800003051758	-100
	167	0	0	0	0	0	0	0	20.1999969482422	16.4800003051758	-100
	168	0	0	0	0	0	0	0	20.1999969482422	16.4800003051758	-100
	169	0	0	0	0	0	0	0	20.1999969482422	16.4800003051758	-100
	170	0	0	0	0	0	0	0	17	16.8	-100
	171	0	0	0	0	0	0	0	17	16.8	-100
	172	0	0	0	0	0	0	0	17	16.8	-100
	173	0	0	0	0	0	0	0	17	16.8	-100
	174	0	0	0	0	0	0	0	17	16.8	-100
	175	0	0	0	0	0	0	0	17	16.8	-100
	176	0	0	0	0	0	0	0	17	16.8	-100
	177	0	0	0	0	0	0	0	17	16.8	-100
	178	0	0	0	0	0	0	0	17	16.8	-100
	179	0	0	0	0	0	0	0	17	16.8	-100
	180	0	0	0	0	0	0	0	17	16.8	-100
	181	0	0	0	0	0	0	0	17	16.8	-100
	182	0	0	0	0	0	0	0	17	16.8	-100
	183	0	0	0	0	0	0	0	15	17	-100
	184	0	0	0	0	0	0	0	15	17	-100
	185	0	0	0	0	0	0	0	15	17	-100
	186	0	0	0	0	0	0	0	15	17	-100
	187	0	0	0	0	0	0	0	15	17	-100
	188	0	0	0	0	0	0	0	15	17	-100
	189	0	0	0	0	0	0	0	15	17	-100
	190	0	0	0	0	0	0	0	15	17	-100
	191	0	0	0	0	0	0	0	15	17	-100
	192	0	0	0	0	0	0	0	15	17	-100
	193	0	0	0	0	0	0	0	15	17	-100
	194	0	0	0	0	0	0	0	15	17	-100
	195	0	0	0	0	0	0	0	15	17	-100
	196	0	0	0	0	0	0	0	13	17.2	-100
	197	0	0	0	0	0	0	0	13	17.2	-100
	198	0	0	0	0	0	0	0	13	17.2	-100
	199	0	0	0	0	0	0	0	13	17.2	-100
	200	0	0	0	0	0	0	0	13	17.2	-100
	201	0	0	0	0	0	0	0	13	17.2	-100
	202	0	0	0	0	0	0	0	13	17.2	-100
	203	0	0	0	0	0	0	0	13	17.2	-100
	204	0	0	0	0	0	0	0	13	17.2	-100
	205	0	0	0	0	0	0	0	13	17.2	-100
	206	0	0	0	0	0	0	0	13	17.2	-100
	207	0	0	0	0	0	0	0	13	17.2	-100
	208	0	0	0	0	0	0	0	13	17.2	-100
	209	0	0	0	0	0	0	0	8.80000305175781	17.6199996948242	-100
	210	0	0	0	0	0	0	0	8.80000305175781	17.6199996948242	-100
	211	0	0	0	0	0	0	0	8.80000305175781	17.6199996948242	-100
	212	0	0	0	0	0	0	0	8.80000305175781	17.6199996948242	-100
	213	0	0	0	0	0	0	0	8.80000305175781	17.6199996948242	-100
	214	0	0	0	0	0	0	0	8.80000305175781	17.6199996948242	-100
	215	0	0	0	0	0	0	0	8.80000305175781	17.6199996948242	-100
	216	0	0	0	0	0	0	0	8.80000305175781	17.6199996948242	-100
	217	0	0	0	0	0	0	0	8.80000305175781	17.6199996948242	-100
	218	0	0	0	0	0	0	0	8.80000305175781	17.6199996948242	-100
	219	0	0	0	0	0	0	0	8.80000305175781	17.6199996948242	-100
	220	0	0	0	0	0	0	0	8.80000305175781	17.6199996948242	-100
	221	0	0	0	0	0	0	0	8.80000305175781	17.6199996948242	-100
	222	0	0	0	0	0	0	0	5	18	-100
	223	0	0	0	0	0	0	0	5	18	-100
	224	0	0	0	0	0	0	0	5	18	-100
	225	0	0	0	0	0	0	0	5	18	-100
	226	0	0	0	0	0	0	0	5	18	-100
	227	0	0	0	0	0	0	0	5	18	-100
	228	0	0	0	0	0	0	0	5	18	-100
	229	0	0	0	0	0	0	0	5	18	-100
	230	0	0	0	0	0	0	0	5	18	-100
	231	0	0	0	0	0	0	0	5	18	-100
	232	0	0	0	0	0	0	0	5	18	-100
	233	0	0	0	0	0	0	0	5	18	-100
	234	0	0	0	0	0	0	0	5	18	-100
	235	0	0	0	0	0	0	0	5	18.0640000406901	-100
	236	0	0	0	0	0	0	0	5	18.0640000406901	-100
	237	0	0	0	0	0	0	0	5	18.0640000406901	-100
	238	0	0	0	0	0	0	0	5	18.0640000406901	-100
	239	0	0	0	0	0	0	0	5	18.0640000406901	-100
	240	0	0	0	0	0	0	0	5	18.0640000406901	-100
	241	0	0	0	0	0	0	0	5	18.0640000406901	-100
	242	0	0	0	0	0	0	0	5	18.0640000406901	-100
	243	0	0	0	0	0	0	0	5	18.0640000406901	-100
	244	0	0	0	0	0	0	0	5	18.0640000406901	-100
	245	0	0	0	0	0	0	0	5	18.0640000406901	-100
	246	0	0	0	0	0	0	0	5	18.0640000406901	-100
	247	0	0	0	0	0	0	0	5	18.0640000406901	-100
	248	0	0	0	0	0	0	0	5	18.1066666666667	-100
	249	0	0	0	0	0	0	0	5	18.1066666666667	-100
	250	0	0	0	0	0	0	0	5	18.1066666666667	-100
	251	0	0	0	0	0	0	0	5	18.1066666666667	-100
	252	0	0	0	0	0	0	0	5	18.1066666666667	-100
	253	0	0	0	0	0	0	0	5	18.1066666666667	-100
	254	0	0	0	0	0	0	0	5	18.1066666666667	-100
	255	0	0	0	0	0	0	0	5	18.1066666666667	-100
	256	0	0	0	0	0	0	0	5	18.1066666666667	-100
	257	0	0	0	0	0	0	0	5	18.1066666666667	-100
	258	0	0	0	0	0	0	0	5	18.1066666666667	-100
	259	0	0	0	0	0	0	0	5	18.1066666666667	-100
	260	0	0	0	0	0	0	0	5	18.1066666666667	-100
	261	0	0	0	0	0	0	0	5	18.1333333333333	-100
	262	0	0	0	0	0	0	0	5	18.1333333333333	-100
	263	0	0	0	0	0	0	0	5	18.1333333333333	-100
	264	0	0	0	0	0	0	0	5	18.1333333333333	-100
	265	0	0	0	0	0	0	0	5	18.1333333333333	-100
	266	0	0	0	0	0	0	0	5	18.1333333333333	-100
	267	0	0	0	0	0	0	0	5	18.1333333333333	-100
	268	0	0	0	0	0	0	0	5	18.1333333333333	-100
	269	0	0	0	0	0	0	0	5	18.1333333333333	-100
	270	0	0	0	0	0	0	0	5	18.1333333333333	-100
	271	0	0	0	0	0	0	0	5	18.1333333333333	-100
	272	0	0	0	0	0	0	0	5	18.1333333333333	-100
	273	0	0	0	0	0	0	0	5	18.1333333333333	-100
	274	0	0	0	0	0	0	0	5	18.16	-100
	275	0	0	0	0	0	0	0	5	18.16	-100
	276	0	0	0	0	0	0	0	5	18.16	-100
	277	0	0	0	0	0	0	0	5	18.16	-100
	278	0	0	0	0	0	0	0	5	18.16	-100
	279	0	0	0	0	0	0	0	5	18.16	-100
	280	0	0	0	0	0	0	0	5	18.16	-100
	281	0	0	0	0	0	0	0	5	18.16	-100
	282	0	0	0	0	0	0	0	5	18.16	-100
	283	0	0	0	0	0	0	0	5	18.16	-100
	284	0	0	0	0	0	0	0	5	18.16	-100
	285	0	0	0	0	0	0	0	5	18.16	-100
	286	0	0	0	0	0	0	0	5	18.16	-100
	287	0	0	0	0	0	0	0	5	18.2159999593099	-100
	288	0	0	0	0	0	0	0	5	18.2159999593099	-100
	289	0	0	0	0	0	0	0	5	18.2159999593099	-100
	290	0	0	0	0	0	0	0	5	18.2159999593099	-100
	291	0	0	0	0	0	0	0	5	18.2159999593099	-100
	292	0	0	0	0	0	0	0	5	18.2159999593099	-100
	293	0	0	0	0	0	0	0	5	18.2159999593099	-100
	294	0	0	0	0	0	0	0	5	18.2159999593099	-100
	295	0	0	0	0	0	0	0	5	18.2159999593099	-100
	296	0	0	0	0	0	0	0	5	18.2159999593099	-100
	297	0	0	0	0	0	0	0	5	18.2159999593099	-100
	298	0	0	0	0	0	0	0	5	18.2159999593099	-100
	299	0	0	0	0	0	0	0	5	18.2159999593099	-100
	300	0	0	0	0	0	0	0	5	18.3335999552409	-100
	301	0	0	0	0	0	0	0	5	18.3335999552409	-100
	302	0	0	0	0	0	0	0	5	18.3335999552409	-100
	303	0	0	0	0	0	0	0	5	18.3335999552409	-100
	304	0	0	0	0	0	0	0	5	18.3335999552409	-100
	305	0	0	0	0	0	0	0	5	18.3335999552409	-100
	306	0	0	0	0	0	0	0	5	18.3335999552409	-100
	307	0	0	0	0	0	0	0	5	18.3335999552409	-100
	308	0	0	0	0	0	0	0	5	18.3335999552409	-100
	309	0	0	0	0	0	0	0	5	18.3335999552409	-100
	310	0	0	0	0	0	0	0	5	18.3335999552409	-100
	311	0	0	0	0	0	0	0	5	18.3335999552409	-100
	312	0	0	0	0	0	0	0	5	18.3335999552409	-100
	313	0	0	0	0	0	0	0	5	18.5805333455404	-100
	314	0	0	0	0	0	0	0	5	18.5805333455404	-100
	315	0	0	0	0	0	0	0	5	18.5805333455404	-100
	316	0	0	0	0	0	0	0	5	18.5805333455404	-100
	317	0	0	0	0	0	0	0	5	18.5805333455404	-100
	318	0	0	0	0	0	0	0	5	18.5805333455404	-100
	319	0	0	0	0	0	0	0	5	18.5805333455404	-100
	320	0	0	0	0	0	0	0	5	18.5805333455404	-100
	321	0	0	0	0	0	0	0	5	18.5805333455404	-100
	322	0	0	0	0	0	0	0	5	18.5805333455404	-100
	323	0	0	0	0	0	0	0	5	18.5805333455404	-100
	324	0	0	0	0	0	0	0	5	18.5805333455404	-100
	325	0	0	0	0	0	0	0	5	18.5805333455404	-100
	326	0	0	0	0	0	0	0	5	19.0666666666667	-100
	327	0	0	0	0	0	0	0	5	19.0666666666667	-100
	328	0	0	0	0	0	0	0	5	19.0666666666667	-100
	329	0	0	0	0	0	0	0	5	19.0666666666667	-100
	330	0	0	0	0	0	0	0	5	19.0666666666667	-100
	331	0	0	0	0	0	0	0	5	19.0666666666667	-100
	332	0	0	0	0	0	0	0	5	19.0666666666667	-100
	333	0	0	0	0	0	0	0	5	19.0666666666667	-100
	334	0	0	0	0	0	0	0	5	19.0666666666667	-100
	335	0	0	0	0	0	0	0	5	19.0666666666667	-100
	336	0	0	0	0	0	0	0	5	19.0666666666667	-100
	337	0	0	0	0	0	0	0	5	19.0666666666667	-100
	338	0	0	0	0	0	0	0	5	19.0666666666667	-100
	339	0	0	0	0	0	0	0	5	19.2988000488281	-100
	340	0	0	0	0	0	0	0	5	19.2988000488281	-100
	341	0	0	0	0	0	0	0	5	19.2988000488281	-100
	342	0	0	0	0	0	0	0	5	19.2988000488281	-100
	343	0	0	0	0	0	0	0	5	19.2988000488281	-100
	344	0	0	0	0	0	0	0	5	19.2988000488281	-100
	345	0	0	0	0	0	0	0	5	19.2988000488281	-100
	346	0	0	0	0	0	0	0	5	19.2988000488281	-100
	347	0	0	0	0	0	0	0	5	19.2988000488281	-100
	348	0	0	0	0	0	0	0	5	19.2988000488281	-100
	349	0	0	0	0	0	0	0	5	19.2988000488281	-100
	350	0	0	0	0	0	0	0	5	19.2988000488281	-100
	351	0	0	0	0	0	0	0	5	19.2988000488281	-100
	352	0	0	0	0	0	0	0	5	19.5783999633789	-100
	353	0	0	0	0	0	0	0	5	19.5783999633789	-100
	354	0	0	0	0	0	0	0	5	19.5783999633789	-100
	355	0	0	0	0	0	0	0	5	19.5783999633789	-100
	356	0	0	0	0	0	0	0	5	19.5783999633789	-100
	357	0	0	0	0	0	0	0	5	19.5783999633789	-100
	358	0	0	0	0	0	0	0	5	19.5783999633789	-100
	359	0	0	0	0	0	0	0	5	19.5783999633789	-100
	360	0	0	0	0	0	0	0	5	19.5783999633789	-100
	361	0	0	0	0	0	0	0	5	19.5783999633789	-100
	362	0	0	0	0	0	0	0	5	19.5783999633789	-100
	363	0	0	0	0	0	0	0	5	19.5783999633789	-100
	364	0	0	0	0	0	0	0	5	19.5783999633789	-100
	365	0	0	0	0	0	0	0	5	19.7532000732422	-100
	366	0	0	0	0	0	0	0	5	19.7532000732422	-100
	367	0	0	0	0	0	0	0	5	19.7532000732422	-100
	368	0	0	0	0	0	0	0	5	19.7532000732422	-100
	369	0	0	0	0	0	0	0	5	19.7532000732422	-100
	370	0	0	0	0	0	0	0	5	19.7532000732422	-100
	371	0	0	0	0	0	0	0	5	19.7532000732422	-100
	372	0	0	0	0	0	0	0	5	19.7532000732422	-100
	373	0	0	0	0	0	0	0	5	19.7532000732422	-100
	374	0	0	0	0	0	0	0	5	19.7532000732422	-100
	375	0	0	0	0	0	0	0	5	19.7532000732422	-100
	376	0	0	0	0	0	0	0	5	19.7532000732422	-100
	377	0	0	0	0	0	0	0	5	19.7532000732422	-100
	378	0	0	0	0	0	0	0	5	19.8623999023438	-100
	379	0	0	0	0	0	0	0	5	19.8623999023438	-100
	380	0	0	0	0	0	0	0	5	19.8623999023438	-100
	381	0	0	0	0	0	0	0	5	19.8623999023438	-100
	382	0	0	0	0	0	0	0	5	19.8623999023438	-100
	383	0	0	0	0	0	0	0	5	19.8623999023438	-100
	384	0	0	0	0	0	0	0	5	19.8623999023438	-100
	385	0	0	0	0	0	0	0	5	19.8623999023438	-100
	386	0	0	0	0	0	0	0	5	19.8623999023438	-100
	387	0	0	0	0	0	0	0	5	19.8623999023438	-100
	388	0	0	0	0	0	0	0	5	19.8623999023438	-100
	389	0	0	0	0	0	0	0	5	19.8623999023438	-100
	390	0	0	0	0	0	0	0	5	19.8623999023438	-100
	391	0	0	0	0	0	0	0	5	19.9306667073568	-100
	392	0	0	0	0	0	0	0	5	19.9306667073568	-100
	393	0	0	0	0	0	0	0	5	19.9306667073568	-100
	394	0	0	0	0	0	0	0	5	19.9306667073568	-100
	395	0	0	0	0	0	0	0	5	19.9306667073568	-100
	396	0	0	0	0	0	0	0	5	19.9306667073568	-100
	397	0	0	0	0	0	0	0	5	19.9306667073568	-100
	398	0	0	0	0	0	0	0	5	19.9306667073568	-100
	399	0	0	0	0	0	0	0	5	19.9306667073568	-100
	400	0	0	0	0	0	0	0	5	19.9306667073568	-100
	401	0	0	0	0	0	0	0	5	19.9306667073568	-100
	402	0	0	0	0	0	0	0	5	19.9306667073568	-100
	403	0	0	0	0	0	0	0	5	19.9306667073568	-100
	404	0	0	0	0	0	0	0	5	19.9733333333333	-100
	405	0	0	0	0	0	0	0	5	19.9733333333333	-100
	406	0	0	0	0	0	0	0	5	19.9733333333333	-100
	407	0	0	0	0	0	0	0	5	19.9733333333333	-100
	408	0	0	0	0	0	0	0	5	19.9733333333333	-100
	409	0	0	0	0	0	0	0	5	19.9733333333333	-100
	410	0	0	0	0	0	0	0	5	19.9733333333333	-100
	411	0	0	0	0	0	0	0	5	19.9733333333333	-100
	412	0	0	0	0	0	0	0	5	19.9733333333333	-100
	413	0	0	0	0	0	0	0	5	19.9733333333333	-100
	414	0	0	0	0	0	0	0	5	19.9733333333333	-100
	415	0	0	0	0	0	0	0	5	19.9733333333333	-100
	416	0	0	0	0	0	0	0	5	19.9733333333333	-100
