 ***************************** ROOT ACTIVITY NODAL INFORMATION********************************************
   e      RTWT      ileft     iupper     iright    ilower
   1   0.00200         1         1         2        13
   2   0.00200         1         2         3        14
   3   0.00100         2         3         4        15
   4   0.00100         3         4         5        16
   5   0.00000         4         5         6        17
   6   0.00000         5         6         7        18
   7   0.00000         6         7         8        19
   8   0.00000         7         8         9        20
   9   0.00000         8         9        10        21
  10   0.00000         9        10        11        22
  11   0.00000        10        11        12        23
  12   0.00000        11        12        12        24
  13   0.00010        13         1        14        25
  14   0.00010        13         2        15        26
  15   0.00010        14         3        16        27
  16   0.00000        15         4        17        28
  17   0.00000        16         5        18        29
  18   0.00000        17         6        19        30
  19   0.00000        18         7        20        31
  20   0.00000        19         8        21        32
  21   0.00000        20         9        22        33
  22   0.00000        21        10        23        34
  23   0.00000        22        11        24        35
  24   0.00000        23        12        24        36
  25   0.00010        25        13        26        37
  26   0.00010        25        14        27        38
  27   0.00000        26        15        28        39
  28   0.00000        27        16        29        40
  29   0.00000        28        17        30        41
  30   0.00000        29        18        31        42
  31   0.00000        30        19        32        43
  32   0.00000        31        20        33        44
  33   0.00000        32        21        34        45
  34   0.00000        33        22        35        46
  35   0.00000        34        23        36        47
  36   0.00000        35        24        36        48
  37   0.00010        37        25        38        49
  38   0.00000        37        26        39        50
  39   0.00000        38        27        40        51
  40   0.00000        39        28        41        52
  41   0.00000        40        29        42        53
  42   0.00000        41        30        43        54
  43   0.00000        42        31        44        55
  44   0.00000        43        32        45        56
  45   0.00000        44        33        46        57
  46   0.00000        45        34        47        58
  47   0.00000        46        35        48        59
  48   0.00000        47        36        48        60
  49   0.00000        49        37        50        61
  50   0.00000        49        38        51        62
  51   0.00000        50        39        52        63
  52   0.00000        51        40        53        64
  53   0.00000        52        41        54        65
  54   0.00000        53        42        55        66
  55   0.00000        54        43        56        67
  56   0.00000        55        44        57        68
  57   0.00000        56        45        58        69
  58   0.00000        57        46        59        70
  59   0.00000        58        47        60        71
  60   0.00000        59        48        60        72
  61   0.00000        61        49        62        73
  62   0.00000        61        50        63        74
  63   0.00000        62        51        64        75
  64   0.00000        63        52        65        76
  65   0.00000        64        53        66        77
  66   0.00000        65        54        67        78
  67   0.00000        66        55        68        79
  68   0.00000        67        56        69        80
  69   0.00000        68        57        70        81
  70   0.00000        69        58        71        82
  71   0.00000        70        59        72        83
  72   0.00000        71        60        72        84
  73   0.00000        73        61        74        85
  74   0.00000        73        62        75        86
  75   0.00000        74        63        76        87
  76   0.00000        75        64        77        88
  77   0.00000        76        65        78        89
  78   0.00000        77        66        79        90
  79   0.00000        78        67        80        91
  80   0.00000        79        68        81        92
  81   0.00000        80        69        82        93
  82   0.00000        81        70        83        94
  83   0.00000        82        71        84        95
  84   0.00000        83        72        84        96
  85   0.00000        85        73        86        97
  86   0.00000        85        74        87        98
  87   0.00000        86        75        88        99
  88   0.00000        87        76        89       100
  89   0.00000        88        77        90       101
  90   0.00000        89        78        91       102
  91   0.00000        90        79        92       103
  92   0.00000        91        80        93       104
  93   0.00000        92        81        94       105
  94   0.00000        93        82        95       106
  95   0.00000        94        83        96       107
  96   0.00000        95        84        96       108
  97   0.00000        97        85        98       109
  98   0.00000        97        86        99       110
  99   0.00000        98        87       100       111
 100   0.00000        99        88       101       112
 101   0.00000       100        89       102       113
 102   0.00000       101        90       103       114
 103   0.00000       102        91       104       115
 104   0.00000       103        92       105       116
 105   0.00000       104        93       106       117
 106   0.00000       105        94       107       118
 107   0.00000       106        95       108       119
 108   0.00000       107        96       108       120
 109   0.00000       109        97       110       121
 110   0.00000       109        98       111       122
 111   0.00000       110        99       112       123
 112   0.00000       111       100       113       124
 113   0.00000       112       101       114       125
 114   0.00000       113       102       115       126
 115   0.00000       114       103       116       127
 116   0.00000       115       104       117       128
 117   0.00000       116       105       118       129
 118   0.00000       117       106       119       130
 119   0.00000       118       107       120       131
 120   0.00000       119       108       120       132
 121   0.00000       121       109       122       133
 122   0.00000       121       110       123       134
 123   0.00000       122       111       124       135
 124   0.00000       123       112       125       136
 125   0.00000       124       113       126       137
 126   0.00000       125       114       127       138
 127   0.00000       126       115       128       139
 128   0.00000       127       116       129       140
 129   0.00000       128       117       130       141
 130   0.00000       129       118       131       142
 131   0.00000       130       119       132       143
 132   0.00000       131       120       132       144
 133   0.00000       133       121       134       145
 134   0.00000       133       122       135       146
 135   0.00000       134       123       136       147
 136   0.00000       135       124       137       148
 137   0.00000       136       125       138       149
 138   0.00000       137       126       139       150
 139   0.00000       138       127       140       151
 140   0.00000       139       128       141       152
 141   0.00000       140       129       142       153
 142   0.00000       141       130       143       154
 143   0.00000       142       131       144       155
 144   0.00000       143       132       144       156
 145   0.00000       145       133       146       157
 146   0.00000       145       134       147       158
 147   0.00000       146       135       148       159
 148   0.00000       147       136       149       160
 149   0.00000       148       137       150       161
 150   0.00000       149       138       151       162
 151   0.00000       150       139       152       163
 152   0.00000       151       140       153       164
 153   0.00000       152       141       154       165
 154   0.00000       153       142       155       166
 155   0.00000       154       143       156       167
 156   0.00000       155       144       156       168
 157   0.00000       157       145       158       169
 158   0.00000       157       146       159       170
 159   0.00000       158       147       160       171
 160   0.00000       159       148       161       172
 161   0.00000       160       149       162       173
 162   0.00000       161       150       163       174
 163   0.00000       162       151       164       175
 164   0.00000       163       152       165       176
 165   0.00000       164       153       166       177
 166   0.00000       165       154       167       178
 167   0.00000       166       155       168       179
 168   0.00000       167       156       168       180
 169   0.00000       169       157       170       181
 170   0.00000       169       158       171       182
 171   0.00000       170       159       172       183
 172   0.00000       171       160       173       184
 173   0.00000       172       161       174       185
 174   0.00000       173       162       175       186
 175   0.00000       174       163       176       187
 176   0.00000       175       164       177       188
 177   0.00000       176       165       178       189
 178   0.00000       177       166       179       190
 179   0.00000       178       167       180       191
 180   0.00000       179       168       180       192
 181   0.00000       181       169       182       193
 182   0.00000       181       170       183       194
 183   0.00000       182       171       184       195
 184   0.00000       183       172       185       196
 185   0.00000       184       173       186       197
 186   0.00000       185       174       187       198
 187   0.00000       186       175       188       199
 188   0.00000       187       176       189       200
 189   0.00000       188       177       190       201
 190   0.00000       189       178       191       202
 191   0.00000       190       179       192       203
 192   0.00000       191       180       192       204
 193   0.00000       193       181       194       205
 194   0.00000       193       182       195       206
 195   0.00000       194       183       196       207
 196   0.00000       195       184       197       208
 197   0.00000       196       185       198       209
 198   0.00000       197       186       199       210
 199   0.00000       198       187       200       211
 200   0.00000       199       188       201       212
 201   0.00000       200       189       202       213
 202   0.00000       201       190       203       214
 203   0.00000       202       191       204       215
 204   0.00000       203       192       204       216
 205   0.00000       205       193       206       217
 206   0.00000       205       194       207       218
 207   0.00000       206       195       208       219
 208   0.00000       207       196       209       220
 209   0.00000       208       197       210       221
 210   0.00000       209       198       211       222
 211   0.00000       210       199       212       223
 212   0.00000       211       200       213       224
 213   0.00000       212       201       214       225
 214   0.00000       213       202       215       226
 215   0.00000       214       203       216       227
 216   0.00000       215       204       216       228
 217   0.00000       217       205       218       229
 218   0.00000       217       206       219       230
 219   0.00000       218       207       220       231
 220   0.00000       219       208       221       232
 221   0.00000       220       209       222       233
 222   0.00000       221       210       223       234
 223   0.00000       222       211       224       235
 224   0.00000       223       212       225       236
 225   0.00000       224       213       226       237
 226   0.00000       225       214       227       238
 227   0.00000       226       215       228       239
 228   0.00000       227       216       228       240
 229   0.00000       229       217       230       241
 230   0.00000       229       218       231       242
 231   0.00000       230       219       232       243
 232   0.00000       231       220       233       244
 233   0.00000       232       221       234       245
 234   0.00000       233       222       235       246
 235   0.00000       234       223       236       247
 236   0.00000       235       224       237       248
 237   0.00000       236       225       238       249
 238   0.00000       237       226       239       250
 239   0.00000       238       227       240       251
 240   0.00000       239       228       240       252
 241   0.00000       241       229       242       253
 242   0.00000       241       230       243       254
 243   0.00000       242       231       244       255
 244   0.00000       243       232       245       256
 245   0.00000       244       233       246       257
 246   0.00000       245       234       247       258
 247   0.00000       246       235       248       259
 248   0.00000       247       236       249       260
 249   0.00000       248       237       250       261
 250   0.00000       249       238       251       262
 251   0.00000       250       239       252       263
 252   0.00000       251       240       252       264
 253   0.00000       253       241       254       265
 254   0.00000       253       242       255       266
 255   0.00000       254       243       256       267
 256   0.00000       255       244       257       268
 257   0.00000       256       245       258       269
 258   0.00000       257       246       259       270
 259   0.00000       258       247       260       271
 260   0.00000       259       248       261       272
 261   0.00000       260       249       262       273
 262   0.00000       261       250       263       274
 263   0.00000       262       251       264       275
 264   0.00000       263       252       264       276
 265   0.00000       265       253       266       277
 266   0.00000       265       254       267       278
 267   0.00000       266       255       268       279
 268   0.00000       267       256       269       280
 269   0.00000       268       257       270       281
 270   0.00000       269       258       271       282
 271   0.00000       270       259       272       283
 272   0.00000       271       260       273       284
 273   0.00000       272       261       274       285
 274   0.00000       273       262       275       286
 275   0.00000       274       263       276       287
 276   0.00000       275       264       276       288
 277   0.00000       277       265       278       289
 278   0.00000       277       266       279       290
 279   0.00000       278       267       280       291
 280   0.00000       279       268       281       292
 281   0.00000       280       269       282       293
 282   0.00000       281       270       283       294
 283   0.00000       282       271       284       295
 284   0.00000       283       272       285       296
 285   0.00000       284       273       286       297
 286   0.00000       285       274       287       298
 287   0.00000       286       275       288       299
 288   0.00000       287       276       288       300
 289   0.00000       289       277       290       301
 290   0.00000       289       278       291       302
 291   0.00000       290       279       292       303
 292   0.00000       291       280       293       304
 293   0.00000       292       281       294       305
 294   0.00000       293       282       295       306
 295   0.00000       294       283       296       307
 296   0.00000       295       284       297       308
 297   0.00000       296       285       298       309
 298   0.00000       297       286       299       310
 299   0.00000       298       287       300       311
 300   0.00000       299       288       300       312
 301   0.00000       301       289       302       313
 302   0.00000       301       290       303       314
 303   0.00000       302       291       304       315
 304   0.00000       303       292       305       316
 305   0.00000       304       293       306       317
 306   0.00000       305       294       307       318
 307   0.00000       306       295       308       319
 308   0.00000       307       296       309       320
 309   0.00000       308       297       310       321
 310   0.00000       309       298       311       322
 311   0.00000       310       299       312       323
 312   0.00000       311       300       312       324
 313   0.00000       313       301       314       325
 314   0.00000       313       302       315       326
 315   0.00000       314       303       316       327
 316   0.00000       315       304       317       328
 317   0.00000       316       305       318       329
 318   0.00000       317       306       319       330
 319   0.00000       318       307       320       331
 320   0.00000       319       308       321       332
 321   0.00000       320       309       322       333
 322   0.00000       321       310       323       334
 323   0.00000       322       311       324       335
 324   0.00000       323       312       324       336
 325   0.00000       325       313       326       337
 326   0.00000       325       314       327       338
 327   0.00000       326       315       328       339
 328   0.00000       327       316       329       340
 329   0.00000       328       317       330       341
 330   0.00000       329       318       331       342
 331   0.00000       330       319       332       343
 332   0.00000       331       320       333       344
 333   0.00000       332       321       334       345
 334   0.00000       333       322       335       346
 335   0.00000       334       323       336       347
 336   0.00000       335       324       336       348
 337   0.00000       337       325       338       349
 338   0.00000       337       326       339       350
 339   0.00000       338       327       340       351
 340   0.00000       339       328       341       352
 341   0.00000       340       329       342       353
 342   0.00000       341       330       343       354
 343   0.00000       342       331       344       355
 344   0.00000       343       332       345       356
 345   0.00000       344       333       346       357
 346   0.00000       345       334       347       358
 347   0.00000       346       335       348       359
 348   0.00000       347       336       348       360
 349   0.00000       349       337       350       361
 350   0.00000       349       338       351       362
 351   0.00000       350       339       352       363
 352   0.00000       351       340       353       364
 353   0.00000       352       341       354       365
 354   0.00000       353       342       355       366
 355   0.00000       354       343       356       367
 356   0.00000       355       344       357       368
 357   0.00000       356       345       358       369
 358   0.00000       357       346       359       370
 359   0.00000       358       347       360       371
 360   0.00000       359       348       360       372
 361   0.00000       361       349       362       361
 362   0.00000       361       350       363       362
 363   0.00000       362       351       364       363
 364   0.00000       363       352       365       364
 365   0.00000       364       353       366       365
 366   0.00000       365       354       367       366
 367   0.00000       366       355       368       367
 368   0.00000       367       356       369       368
 369   0.00000       368       357       370       369
 370   0.00000       369       358       371       370
 371   0.00000       370       359       372       371
 372   0.00000       371       360       372       372
