        time        Date       Min_N       Org_N    Manure_N    Litter_N     Ammon_N       All_N       water      Denitr       CFlux
  32964.0000,  04/01/1990,     62.2211,      0.0000,      0.0000,      0.0000,      0.0000,     62.2211,   1317.6401,      0.0000,      0.0000
  32965.0000,  04/02/1990,     62.2211,      0.0000,      0.0000,      0.0000,      0.0000,     62.2211,   1308.1302,      0.0000,      0.0000
  32966.0000,  04/03/1990,     62.2211,      0.0000,      0.0000,      0.0000,      0.0000,     62.2211,   1297.8934,      0.0000,      0.0000
  32967.0000,  04/04/1990,     62.2211,      0.0000,      0.0000,      0.0000,      0.0000,     62.2211,   1279.5736,      0.0000,      0.0000
  32968.0000,  04/05/1990,     62.2211,      0.0000,      0.0000,      0.0000,      0.0000,     62.2211,   1266.2854,      0.0000,      0.0000
  32969.0000,  04/06/1990,     62.2211,      0.0000,      0.0000,      0.0000,      0.0000,     62.2211,   1256.6755,      0.0000,      0.0000
  32970.0000,  04/07/1990,     62.2211,      0.0000,      0.0000,      0.0000,      0.0000,     62.2211,   1248.7075,      0.0000,      0.0000
  32971.0000,  04/08/1990,     62.2211,      0.0000,      0.0000,      0.0000,      0.0000,     62.2211,   1240.9210,      0.0000,      0.0000
  32972.0000,  04/09/1990,     62.2212,      0.0000,      0.0000,      0.0000,      0.0000,     62.2212,   1235.2294,      0.0000,      0.0000
  32973.0000,  04/10/1990,     62.2211,      0.0000,      0.0000,      0.0000,      0.0000,     62.2211,   1229.7324,      0.0000,      0.0000
  32974.0000,  04/11/1990,     62.2110,      0.0000,      0.0000,      0.0000,      0.0000,     62.2110,   1224.5981,      0.0000,      0.0000
  32975.0000,  04/12/1990,     62.1233,      0.0000,      0.0000,      0.0000,      0.0000,     62.1233,   1219.2260,      0.0000,      0.0000
  32976.0000,  04/13/1990,     62.0243,      0.0000,      0.0000,      0.0000,      0.0000,     62.0243,   1214.5076,      0.0000,      0.0000
  32977.0000,  04/14/1990,     61.9463,      0.0000,      0.0000,      0.0000,      0.0000,     61.9463,   1210.5001,      0.0000,      0.0000
  32978.0000,  04/15/1990,    328.5140,      0.0000,      0.0000,      0.0000,      0.0000,    328.5140,   1206.3810,      0.0000,      0.0000
  32979.0000,  04/16/1990,    325.7575,      0.0000,      0.0000,      0.0000,      0.0000,    325.7575,   1202.2675,      0.0000,      0.0000
  32980.0000,  04/17/1990,    323.2171,      0.0000,      0.0000,      0.0000,      0.0000,    323.2171,   1198.3082,      0.0000,      0.0000
  32981.0000,  04/18/1990,    321.5008,      0.0000,      0.0000,      0.0000,      0.0000,    321.5008,   1194.6515,      0.0000,      0.0000
  32982.0000,  04/19/1990,    319.8037,      0.0000,      0.0000,      0.0000,      0.0000,    319.8037,   1190.8590,      0.0000,      0.0000
  32983.0000,  04/20/1990,    319.0349,      0.0000,      0.0000,      0.0000,      0.0000,    319.0349,   1187.7460,      0.0000,      0.0000
  32984.0000,  04/21/1990,    317.9446,      0.0000,      0.0000,      0.0000,      0.0000,    317.9446,   1184.1698,      0.0000,      0.0000
  32985.0000,  04/22/1990,    317.0789,      0.0000,      0.0000,      0.0000,      0.0000,    317.0789,   1180.7616,      0.0000,      0.0000
  32986.0000,  04/23/1990,    316.6502,      0.0000,      0.0000,      0.0000,      0.0000,    316.6502,   1177.6273,      0.0000,      0.0000
  32987.0000,  04/24/1990,    316.2373,      0.0000,      0.0000,      0.0000,      0.0000,    316.2373,   1174.5426,      0.0000,      0.0000
  32988.0000,  04/25/1990,    316.0489,      0.0000,      0.0000,      0.0000,      0.0000,    316.0489,   1171.9464,      0.0000,      0.0000
  32989.0000,  04/26/1990,    315.8097,      0.0000,      0.0000,      0.0000,      0.0000,    315.8097,   1169.1669,      0.0000,      0.0000
  32990.0000,  04/27/1990,    315.7580,      0.0000,      0.0000,      0.0000,      0.0000,    315.7580,   1167.2212,      0.0000,      0.0000
  32991.0000,  04/28/1990,    315.1543,      0.0000,      0.0000,      0.0000,      0.0000,    315.1543,   1163.5865,      0.0000,      0.0000
  32992.0000,  04/29/1990,    314.6166,      0.0000,      0.0000,      0.0000,      0.0000,    314.6166,   1159.8629,      0.0000,      0.0000
  32993.0000,  04/30/1990,    313.9836,      0.0000,      0.0000,      0.0000,      0.0000,    313.9836,   1155.8057,      0.0000,      0.0000
  32994.0000,  05/01/1990,    313.7021,      0.0000,      0.0000,      0.0000,      0.0000,    313.7021,   1152.7308,      0.0000,      0.0000
  32995.0000,  05/02/1990,    313.5157,      0.0000,      0.0000,      0.0000,      0.0000,    313.5157,   1150.1644,      0.0000,      0.0000
  32996.0000,  05/03/1990,    313.4035,      0.0000,      0.0000,      0.0000,      0.0000,    313.4035,   1147.6617,      0.0000,      0.0000
  32997.0000,  05/04/1990,    313.3546,      0.0000,      0.0000,      0.0000,      0.0000,    313.3546,   1145.8651,      0.0000,      0.0000
  32998.0000,  05/05/1990,    313.2343,      0.0000,      0.0000,      0.0000,      0.0000,    313.2343,   1143.2043,      0.0000,      0.0000
  32999.0000,  05/06/1990,    313.1371,      0.0000,      0.0000,      0.0000,      0.0000,    313.1371,   1140.8308,      0.0000,      0.0000
  33000.0000,  05/07/1990,    312.9376,      0.0000,      0.0000,      0.0000,      0.0000,    312.9376,   1137.7091,      0.0000,      0.0000
  33001.0000,  05/08/1990,    312.7933,      0.0000,      0.0000,      0.0000,      0.0000,    312.7933,   1135.1293,      0.0000,      0.0000
  33002.0000,  05/09/1990,    312.6839,      0.0000,      0.0000,      0.0000,      0.0000,    312.6839,   1132.8153,      0.0000,      0.0000
  33003.0000,  05/10/1990,    312.2716,      0.0000,      0.0000,      0.0000,      0.0000,    312.2716,   1128.5953,      0.0000,      0.0000
  33004.0000,  05/11/1990,    311.9934,      0.0000,      0.0000,      0.0000,      0.0000,    311.9934,   1124.4690,      0.0000,      0.0000
  33005.0000,  05/12/1990,    311.7615,      0.0000,      0.0000,      0.0000,      0.0000,    311.7615,   1120.9419,      0.0000,      0.0000
  33006.0000,  05/13/1990,    311.5380,      0.0000,      0.0000,      0.0000,      0.0000,    311.5380,   1117.5204,      0.0000,      0.0000
  33007.0000,  05/14/1990,    311.1447,      0.0000,      0.0000,      0.0000,      0.0000,    311.1447,   1113.1071,      0.0000,      0.0000
  33008.0000,  05/15/1990,    577.4855,      0.0000,      0.0000,      0.0000,      0.0000,    577.4855,   1108.8960,      0.0000,      0.0000
  33009.0000,  05/16/1990,    577.0809,      0.0000,      0.0000,      0.0000,      0.0000,    577.0809,   1104.0551,      0.0000,      0.0000
  33010.0000,  05/17/1990,    576.6924,      0.0000,      0.0000,      0.0000,      0.0000,    576.6924,   1099.5120,      0.0000,      0.0000
  33011.0000,  05/18/1990,    576.4933,      0.0000,      0.0000,      0.0000,      0.0000,    576.4933,   1096.4412,      0.0000,      0.0000
  33012.0000,  05/19/1990,    576.2092,      0.0000,      0.0000,      0.0000,      0.0000,    576.2092,   1092.7063,      0.0000,      0.0000
